0 0.665236 0.221205 0.141503 0.143690
1 0.524611 0.322530 0.122287 0.136700
2 0.550377 0.443945 0.129270 0.127090
2 0.683581 0.517530 0.112672 0.112680
2 0.573091 0.525830 0.103942 0.094340
0 0.416083 0.541770 0.077295 0.079040
1 0.364764 0.591560 0.062018 0.058960
0 0.488581 0.628025 0.099142 0.093470
2 0.397441 0.688705 0.057457 0.062410
1 0.473068 0.718095 0.106995 0.113270
0 0.371683 0.791240 0.045570 0.059440
2 0.420226 0.763005 0.097088 0.107330
2 0.521281 0.777865 0.093128 0.093450
2 0.458536 0.859600 0.091148 0.103040
2 0.395296 0.877265 0.047887 0.056470
2 0.423530 0.932085 0.045570 0.049210
2 0.535974 0.881395 0.082222 0.088510