0 0.290386 0.093990 0.116588 0.135580
1 0.234373 0.149820 0.028860 0.042160
1 0.193929 0.165770 0.033802 0.039880
1 0.174560 0.132920 0.019365 0.027340
2 0.176266 0.194440 0.028103 0.039500
2 0.211396 0.195960 0.033038 0.040260
1 0.356660 0.215515 0.113175 0.112790
1 0.278615 0.241155 0.090765 0.114690
1 0.348496 0.329445 0.112793 0.117350
1 0.516920 0.303435 0.113175 0.145830
2 0.384380 0.350905 0.070635 0.101770
2 0.261526 0.311600 0.083933 0.095320
2 0.240260 0.390400 0.080895 0.096460
2 0.290390 0.441860 0.055830 0.070260
2 0.347353 0.429705 0.071775 0.089250
1 0.479514 0.428000 0.100643 0.130640
1 0.401469 0.505280 0.101018 0.121900
1 0.596101 0.423820 0.109748 0.134440
2 0.521668 0.519335 0.085455 0.110510
2 0.460715 0.533570 0.056205 0.101020
2 0.296086 0.515535 0.081653 0.097610
2 0.341469 0.572690 0.040253 0.101780
2 0.573882 0.565850 0.075195 0.101020
2 0.669586 0.511925 0.097223 0.114690
2 0.685726 0.603260 0.094567 0.098360
2 0.647754 0.650540 0.060383 0.065320
2 0.664648 0.707885 0.045570 0.056970
2 0.725034 0.680160 0.063803 0.066840
2 0.731679 0.704845 0.068737 0.080510
2 0.764338 0.734470 0.052785 0.062280
2 0.718389 0.751940 0.050513 0.058480
0 0.632735 0.927300 0.022125 0.023780
2 0.161158 0.206890 0.020805 0.032700
1 0.535977 0.195000 0.039960 0.037320
0 0.527060 0.162970 0.037320 0.033360
0 0.517813 0.128960 0.029385 0.041940