0 0.510418 0.183645 0.169890 0.182990
0 0.692536 0.252650 0.141938 0.148920
0 0.521334 0.465120 0.160282 0.160720
1 0.674630 0.533035 0.120105 0.116610
1 0.509761 0.605970 0.121418 0.120100
0 0.308862 0.701395 0.105690 0.108310
2 0.527450 0.716465 0.103500 0.105250
2 0.706730 0.918890 0.106560 0.135380
2 0.682055 0.985930 0.075555 0.027520
1 0.422412 0.749435 0.082980 0.087350
2 0.430929 0.816915 0.058088 0.055470
2 0.379835 0.864515 0.086910 0.095650
1 0.346861 0.789620 0.095212 0.101320
1 0.248176 0.499645 0.054157 0.048870
2 0.299364 0.584185 0.031702 0.038970
2 0.271126 0.602345 0.031372 0.034350
2 0.189230 0.457540 0.041280 0.041940
2 0.200128 0.496340 0.037320 0.032360
2 0.175689 0.511700 0.035993 0.036660
0 0.199138 0.539765 0.040620 0.034010
2 0.159013 0.541255 0.036990 0.033030
0 0.170405 0.414280 0.044580 0.044580
1 0.207065 0.435250 0.041280 0.036980
0 0.225076 0.752790 0.030728 0.030720