2 0.507358 0.375155 0.147180 0.143250
2 0.401454 0.425600 0.108307 0.107000
2 0.355449 0.342155 0.019238 0.020390
2 0.181858 0.460605 0.028140 0.027570
2 0.181284 0.490325 0.024128 0.022110
2 0.167641 0.510280 0.022687 0.024120
2 0.146251 0.516605 0.021248 0.021250
2 0.572251 0.502995 0.143138 0.136110
2 0.465020 0.519575 0.099450 0.114010
2 0.611424 0.632830 0.136102 0.133600
2 0.504695 0.617510 0.094425 0.103960
2 0.576268 0.697115 0.095925 0.092410
2 0.694546 0.706910 0.113512 0.118020
2 0.642560 0.752365 0.075840 0.091410
2 0.314881 0.827900 0.029722 0.031700
2 0.300189 0.862240 0.028733 0.029060
2 0.278229 0.876935 0.029062 0.030050
2 0.256764 0.913595 0.027083 0.026750
2 0.335855 0.813865 0.025425 0.025430
2 0.151753 0.746825 0.021135 0.022130
2 0.165455 0.756565 0.020805 0.021130
2 0.132759 0.729155 0.014858 0.019810
2 0.336020 0.837640 0.023115 0.022780
2 0.358970 0.873965 0.020805 0.020810
2 0.327103 0.891135 0.019155 0.022130
2 0.246856 0.971715 0.025763 0.034010