0 0.312283 0.280040 0.109200 0.110960
0 0.395720 0.391655 0.098190 0.096430
0 0.516586 0.438770 0.088942 0.092900
1 0.622921 0.458585 0.097312 0.092910
0 0.615657 0.362155 0.109200 0.106110
1 0.410473 0.489845 0.057240 0.086750
2 0.302818 0.390555 0.094665 0.098630
2 0.261650 0.476195 0.081015 0.094670
2 0.220918 0.557875 0.062085 0.078370
2 0.363136 0.494470 0.090262 0.106560
2 0.271111 0.601245 0.045353 0.070890
2 0.320870 0.595300 0.080580 0.109200
2 0.396384 0.583410 0.073088 0.086300
2 0.395281 0.699655 0.063847 0.071330
2 0.460010 0.599705 0.085860 0.092470
2 0.500514 0.504600 0.087622 0.087180
2 0.505801 0.556335 0.077933 0.067370
2 0.587694 0.561620 0.081457 0.086740
2 0.568764 0.664865 0.073538 0.100390
2 0.518570 0.631405 0.062085 0.068690
2 0.493693 0.685125 0.073095 0.095990
2 0.458465 0.689530 0.036105 0.086300
2 0.714065 0.444715 0.050640 0.042270
2 0.787377 0.408170 0.114480 0.116240
2 0.731679 0.545105 0.103477 0.104790
2 0.798387 0.565580 0.060765 0.062080
2 0.779011 0.628100 0.098632 0.110520
2 0.799269 0.689305 0.071332 0.081450