0 0.297091 0.497770 0.086738 0.079700
1 0.363361 0.552145 0.098632 0.101270
1 0.528256 0.505475 0.097312 0.091590
2 0.450763 0.501295 0.070890 0.079690
2 0.503157 0.608285 0.073530 0.068250
2 0.425442 0.608510 0.085425 0.081900
2 0.386476 0.657825 0.076178 0.068690
2 0.348826 0.698770 0.061642 0.054600
2 0.287184 0.593760 0.082777 0.077060
2 0.283662 0.653640 0.068685 0.057680
2 0.502940 0.396720 0.066045 0.068680
0 0.825245 0.016070 0.052830 0.032140
2 0.823921 0.052400 0.055477 0.055480
2 0.806975 0.154990 0.058560 0.059000
2 0.804110 0.127470 0.052830 0.045360
2 0.827450 0.219935 0.042270 0.042710
2 0.788476 0.234245 0.051517 0.051950
2 0.788041 0.277175 0.045353 0.041830
2 0.732560 0.150145 0.056805 0.051950
2 0.692270 0.139135 0.042270 0.044910
2 0.735204 0.228525 0.042713 0.043150
2 0.729916 0.267705 0.042712 0.039630
2 0.734097 0.306015 0.029940 0.023770
2 0.692934 0.214650 0.048877 0.052400
2 0.664752 0.196160 0.037425 0.036540
2 0.692052 0.261545 0.032145 0.031710
2 0.654624 0.258020 0.033908 0.032580