2 0.652711 0.027410 0.142657 0.054160
2 0.621834 0.195995 0.132427 0.146950
2 0.627946 0.285325 0.100387 0.065390
0 0.493539 0.370030 0.089167 0.094120
0 0.594429 0.389675 0.097417 0.101050
2 0.654856 0.413450 0.096097 0.090480
0 0.513189 0.483465 0.110632 0.104350
0 0.633560 0.474215 0.108975 0.070670
0 0.423695 0.523915 0.100725 0.106670
2 0.558928 0.563710 0.089820 0.091800
2 0.632401 0.507735 0.102038 0.084210
2 0.614240 0.595740 0.085530 0.082560
1 0.498163 0.606970 0.101055 0.101060
2 0.548026 0.632235 0.052178 0.049870
1 0.449788 0.618195 0.064395 0.093790
2 0.519792 0.702900 0.088830 0.097420
2 0.462665 0.718755 0.068355 0.082230
0 0.375976 0.768785 0.069353 0.073310
0 0.442745 0.778205 0.065760 0.068910
2 0.511085 0.804340 0.093330 0.093040
2 0.445614 0.847985 0.078397 0.083850
0 0.392056 0.829610 0.070643 0.078680
2 0.342459 0.863975 0.042773 0.046470
2 0.311409 0.900885 0.046253 0.052110
2 0.158656 0.815340 0.037778 0.036480
2 0.153012 0.856700 0.028230 0.034520
2 0.135204 0.856915 0.019973 0.037130
1 0.140634 0.729030 0.031268 0.042340
2 0.146390 0.751065 0.032790 0.036050
2 0.134555 0.746830 0.019110 0.042780
2 0.135313 0.680715 0.020625 0.055150
2 0.131405 0.808065 0.012810 0.035830
2 0.234001 0.104440 0.042998 0.051240
2 0.262010 0.165460 0.036045 0.037780
2 0.268959 0.116815 0.036908 0.044730
2 0.263315 0.203670 0.023445 0.023020
2 0.354620 0.193575 0.033225 0.035390
2 0.387841 0.185540 0.036263 0.036260
2 0.228950 0.029000 0.043650 0.050540
2 0.190329 0.021680 0.037613 0.043360
2 0.386319 0.235155 0.028882 0.022150
2 0.237042 0.185320 0.016935 0.016720