2 0.431368 0.376465 0.089535 0.102190
1 0.427438 0.479750 0.127095 0.128840
1 0.608682 0.484340 0.152415 0.128400
2 0.470236 0.521680 0.089528 0.101760
2 0.414991 0.559675 0.031448 0.035370
2 0.504740 0.545920 0.072060 0.083860
2 0.600822 0.558805 0.091275 0.041490
2 0.581821 0.635230 0.119662 0.117480
2 0.654324 0.630430 0.069877 0.093900
2 0.571340 0.733060 0.098700 0.093020
2 0.577674 0.821935 0.083422 0.090850
0 0.392060 0.871505 0.041490 0.053710
0 0.439884 0.820405 0.027083 0.040610
2 0.621781 0.850975 0.062453 0.071190
2 0.675065 0.805780 0.072060 0.075120
2 0.781411 0.932865 0.035812 0.054150
2 0.787741 0.981125 0.054593 0.037130
0 0.731188 0.827175 0.029700 0.048910
0 0.730528 0.674320 0.056340 0.050660
1 0.674412 0.738520 0.041925 0.045420
2 0.481374 0.584790 0.039307 0.028820