2 0.351444 0.209635 0.077302 0.092590
2 0.341840 0.256585 0.053715 0.051970
2 0.472201 0.182775 0.054158 0.095650
2 0.534654 0.174475 0.123158 0.134950
2 0.582695 0.236055 0.046290 0.057210
0 0.636418 0.198715 0.094335 0.100450
2 0.534436 0.244135 0.068573 0.028830
0 0.413900 0.285410 0.048480 0.069440
0 0.398833 0.355935 0.059400 0.075990
2 0.366729 0.396990 0.043237 0.059400
2 0.531597 0.296105 0.078615 0.082110
2 0.557146 0.313140 0.051098 0.058520
2 0.523737 0.391530 0.048045 0.056340
2 0.559767 0.407040 0.062460 0.066380
0 0.309080 0.501150 0.083415 0.072060
2 0.341634 0.556605 0.054817 0.055150
2 0.224566 0.560570 0.057788 0.049200
0 0.243721 0.597225 0.092797 0.089490
0 0.289126 0.616215 0.051518 0.068030
2 0.369702 0.612090 0.048210 0.045240
1 0.308116 0.673345 0.076283 0.070010
1 0.227866 0.632400 0.078262 0.063400
2 0.220768 0.662120 0.054165 0.026420
2 0.416761 0.645940 0.061088 0.062080
2 0.290446 0.721400 0.037642 0.041280
2 0.295070 0.745005 0.021795 0.017170
2 0.439216 0.716610 0.057788 0.062740
2 0.416428 0.747815 0.044580 0.047230
2 0.340974 0.774400 0.053497 0.055480
1 0.148126 0.716110 0.046253 0.045160
2 0.154854 0.685170 0.044512 0.033220
2 0.148340 0.741075 0.038865 0.029530
0 0.143022 0.655745 0.036045 0.043430
2 0.382483 0.882775 0.033420 0.048230
2 0.260397 0.285155 0.038310 0.034670
2 0.238764 0.304970 0.032693 0.032040