2 0.304059 0.871505 0.066382 0.067690
2 0.178498 0.888320 0.082545 0.087340
2 0.509109 0.856875 0.073807 0.073370
2 0.509109 0.920855 0.020527 0.023150
2 0.453421 0.722795 0.084728 0.084730
2 0.415209 0.739175 0.046733 0.062450
0 0.566319 0.724980 0.093023 0.098700
2 0.547978 0.772145 0.034500 0.027950
2 0.277636 0.728035 0.044108 0.055030
2 0.244227 0.772145 0.031440 0.036690
2 0.363020 0.686765 0.080355 0.086910
2 0.270871 0.660995 0.073372 0.071190
2 0.447091 0.654665 0.077302 0.073370
1 0.372628 0.589370 0.072495 0.072060
0 0.267373 0.581730 0.079485 0.082980
1 0.147492 0.519060 0.034500 0.031880
2 0.586407 0.660995 0.079920 0.081670
0 0.564571 0.609030 0.065078 0.042360
1 0.581604 0.570155 0.089527 0.089530
2 0.617416 0.531070 0.054592 0.052400
2 0.655629 0.612300 0.082102 0.080360
1 0.622659 0.463810 0.065947 0.062020
1 0.589029 0.486300 0.051967 0.056340
1 0.539896 0.477350 0.048037 0.053280
0 0.741886 0.390220 0.071183 0.074680
0 0.595359 0.413370 0.051532 0.061580
0 0.519298 0.418575 0.056805 0.058450
1 0.545386 0.400570 0.047557 0.053500