1 0.511730 0.498095 0.079050 0.083410
0 0.378740 0.571465 0.083850 0.094770
0 0.533124 0.733275 0.107872 0.118790
2 0.439449 0.601165 0.081233 0.081670
2 0.587720 0.648115 0.090405 0.096950
2 0.498189 0.785250 0.067688 0.052400
2 0.447744 0.720830 0.089093 0.100020
2 0.473514 0.669515 0.065513 0.053290
2 0.375901 0.647895 0.074677 0.065070
2 0.356034 0.723450 0.092587 0.103500
2 0.626150 0.678030 0.058080 0.063320
2 0.397085 0.816695 0.083850 0.081230
2 0.349483 0.819095 0.045420 0.067690
2 0.531819 0.664055 0.043238 0.031890
2 0.529633 0.561860 0.056340 0.057220
2 0.496662 0.559025 0.041925 0.060270