2 0.844430 0.030280 0.061140 0.060560
2 0.863772 0.163355 0.022455 0.048430
2 0.835591 0.148825 0.033023 0.032590
2 0.796407 0.095330 0.043590 0.058560
2 0.761401 0.097970 0.053722 0.057680
2 0.788480 0.214210 0.027735 0.025100
2 0.833169 0.289725 0.022013 0.019370
2 0.712966 0.133195 0.030817 0.033910
2 0.682145 0.060320 0.050190 0.056360
2 0.617416 0.106775 0.049312 0.055030
2 0.569645 0.073975 0.032145 0.040510
2 0.780991 0.284225 0.015412 0.014530
2 0.627324 0.289945 0.050632 0.053270
2 0.565464 0.245695 0.059003 0.066930
2 0.587476 0.333095 0.053722 0.054150
2 0.530019 0.306015 0.062963 0.064290
2 0.487749 0.275195 0.069127 0.076610
1 0.455825 0.204305 0.059880 0.063410
2 0.526715 0.372945 0.035220 0.036990
2 0.503600 0.371400 0.034785 0.033020
1 0.353015 0.210470 0.055920 0.061640
1 0.349490 0.293470 0.058560 0.058560
1 0.373925 0.332655 0.066045 0.063850
2 0.337602 0.362600 0.037425 0.029500
2 0.318226 0.320545 0.045352 0.043150
1 0.459125 0.382850 0.074415 0.065600
1 0.470135 0.461885 0.070890 0.069570
1 0.388899 0.419175 0.070448 0.063410
2 0.451422 0.538940 0.056355 0.053720
2 0.498755 0.468490 0.034785 0.049320
2 0.386919 0.486760 0.060323 0.055040
2 0.390657 0.541800 0.054600 0.054160
0 0.360496 0.618855 0.065603 0.073530
2 0.478497 0.669270 0.070890 0.079260
1 0.432267 0.732015 0.083220 0.088510
1 0.369526 0.658040 0.049312 0.027740
1 0.336061 0.743465 0.073972 0.076170
2 0.463310 0.757775 0.065160 0.071330
2 0.416416 0.794540 0.051518 0.052400
2 0.353011 0.812155 0.063848 0.067370
2 0.454284 0.635150 0.043597 0.053280
2 0.579331 0.585835 0.067372 0.067370
1 0.575150 0.504375 0.064290 0.069130
2 0.683244 0.519125 0.060322 0.060770