0 0.284788 0.455435 0.089970 0.081550
1 0.348729 0.507315 0.097628 0.099550
2 0.273875 0.551730 0.084240 0.076580
2 0.271576 0.612610 0.068152 0.055900
2 0.337243 0.659890 0.061650 0.053220
2 0.373422 0.618545 0.076575 0.068530
2 0.412861 0.567235 0.084997 0.080790
2 0.437941 0.461560 0.070073 0.080020
2 0.488863 0.566665 0.072360 0.067390
1 0.515859 0.464055 0.097252 0.094190
2 0.493074 0.357225 0.064703 0.067390
2 0.812784 0.112760 0.062408 0.060880
2 0.807999 0.088445 0.052072 0.042110
2 0.735440 0.112185 0.055515 0.056670
2 0.692941 0.102995 0.040972 0.051310
2 0.861406 0.204265 0.027187 0.041730
2 0.831732 0.186465 0.042885 0.049770
2 0.789425 0.197565 0.054750 0.054370
2 0.788851 0.243130 0.046717 0.044420
2 0.735245 0.195265 0.044415 0.046710
2 0.730846 0.234515 0.042502 0.040970
2 0.693898 0.181295 0.049770 0.052450
2 0.691025 0.230495 0.034080 0.032930
2 0.664989 0.164640 0.039443 0.042880
2 0.653502 0.225705 0.036375 0.033310
2 0.734862 0.274905 0.029865 0.030630
2 0.833742 0.018820 0.060510 0.037640
2 0.863851 0.035900 0.021713 0.055580