2 0.777174 0.589005 0.102488 0.104230
2 0.660129 0.506025 0.095498 0.083850
2 0.639455 0.638795 0.077445 0.087350
2 0.667696 0.656265 0.050077 0.059390
2 0.614997 0.591045 0.105405 0.089670
2 0.568704 0.677810 0.085012 0.089680
2 0.606264 0.475745 0.079778 0.083850
2 0.645860 0.504860 0.087930 0.096660
1 0.586175 0.325515 0.085020 0.082690
2 0.579770 0.385490 0.074535 0.071040
2 0.462721 0.420425 0.125783 0.129270
2 0.427201 0.561055 0.111802 0.107730
2 0.452825 0.681015 0.112965 0.107730
2 0.404780 0.768070 0.087930 0.100160
2 0.308701 0.563675 0.144997 0.132770
2 0.330830 0.756420 0.084435 0.095500
2 0.253092 0.757875 0.094335 0.098410
2 0.220483 0.680140 0.133935 0.125780
2 0.679051 0.582310 0.052987 0.072200