0 0.184089 0.513890 0.115882 0.139180
0 0.167784 0.607930 0.083272 0.075700
0 0.517460 0.119375 0.122280 0.117630
0 0.460392 0.182555 0.104820 0.108890
0 0.463887 0.269610 0.101325 0.068720
2 0.238824 0.704885 0.093757 0.103070
2 0.459811 0.319105 0.107152 0.104810
2 0.364021 0.656555 0.101903 0.104230
2 0.296761 0.821640 0.111803 0.105980
2 0.402455 0.796890 0.107730 0.112380
2 0.436809 0.689745 0.115882 0.112390
2 0.417301 0.563965 0.095497 0.108890
2 0.458064 0.403545 0.095497 0.088510
2 0.429534 0.476040 0.105983 0.092580
1 0.547449 0.383450 0.092587 0.100740
2 0.559970 0.486230 0.108315 0.096660
2 0.573365 0.580270 0.123450 0.121700
2 0.519208 0.725270 0.121125 0.120540
2 0.553561 0.177310 0.050077 0.040180
2 0.557638 0.197110 0.054735 0.034360
2 0.594909 0.155480 0.047752 0.069880
2 0.641491 0.106560 0.062888 0.086180
2 0.630429 0.028240 0.065212 0.056480
2 0.776296 0.121120 0.056482 0.066380
2 0.732185 0.169425 0.063555 0.076190
2 0.729695 0.208095 0.055515 0.036370
0 0.583437 0.862820 0.051690 0.053980
0 0.593964 0.840040 0.058193 0.049780
0 0.617701 0.790455 0.051308 0.057050
0 0.710934 0.589255 0.033308 0.049770
0 0.653885 0.569150 0.042495 0.044800
1 0.618470 0.898045 0.058965 0.064710
1 0.604494 0.953565 0.063172 0.064710
1 0.528684 0.857265 0.049388 0.054370
2 0.549549 0.913170 0.055133 0.058960
2 0.555867 0.979410 0.071595 0.039820
2 0.497480 0.947250 0.044415 0.052840
2 0.304584 0.749410 0.081517 0.050640