2 0.612613 0.096300 0.077295 0.079920
2 0.600166 0.182120 0.059392 0.059400
0 0.723328 0.228850 0.128400 0.138880
0 0.775734 0.300255 0.031448 0.035370
1 0.595145 0.380400 0.125340 0.128400
2 0.716120 0.464905 0.135825 0.126210
0 0.569810 0.475165 0.059835 0.034070
2 0.665236 0.485650 0.062018 0.081240
2 0.616104 0.506610 0.055462 0.062020
2 0.580295 0.531070 0.110490 0.107440
2 0.477440 0.554000 0.045420 0.044980
2 0.681616 0.619505 0.112238 0.105250
2 0.586625 0.610990 0.083850 0.080360
2 0.661745 0.696375 0.091710 0.090410
2 0.609770 0.714495 0.068130 0.087350
2 0.677034 0.751620 0.024457 0.024460
2 0.553190 0.633835 0.075570 0.083550
2 0.490149 0.657570 0.066458 0.064940
2 0.464705 0.680735 0.076335 0.083930
2 0.425397 0.640480 0.041775 0.068740
0 0.369193 0.652440 0.110895 0.105580
2 0.296083 0.617120 0.032280 0.029620
1 0.220134 0.688520 0.105953 0.101020
1 0.289820 0.747570 0.104820 0.102160
2 0.386472 0.789915 0.082410 0.084310
2 0.330834 0.793145 0.063037 0.081650
2 0.331974 0.737885 0.053168 0.084310