0 0.210875 0.136260 0.071625 0.094340
0 0.282496 0.215165 0.089093 0.084430
0 0.335776 0.291155 0.102487 0.102490
2 0.247850 0.319110 0.062895 0.050080
2 0.178842 0.310955 0.084435 0.083850
0 0.417882 0.243695 0.114135 0.132190
0 0.474076 0.173235 0.179933 0.199730
0 0.455735 0.424215 0.143250 0.153150
0 0.149889 0.846625 0.048608 0.082030
0 0.142801 0.742320 0.034433 0.075960
0 0.248630 0.714470 0.060765 0.061780
0 0.194705 0.728900 0.068355 0.062280
2 0.161536 0.816755 0.061777 0.062790
2 0.381046 0.382045 0.099758 0.115950
2 0.406617 0.496985 0.119505 0.113930
2 0.345346 0.461545 0.054683 0.052150
2 0.320536 0.427365 0.051653 0.045570
0 0.589160 0.377235 0.140265 0.150890
0 0.671694 0.466100 0.113932 0.109880
1 0.678785 0.571425 0.108870 0.103810
1 0.567639 0.554715 0.105322 0.103810
2 0.669417 0.687125 0.081015 0.082030
2 0.605870 0.657755 0.098745 0.104310
2 0.555991 0.646615 0.071902 0.090130
2 0.636504 0.805365 0.047602 0.050130
2 0.584349 0.815995 0.066832 0.061270
2 0.561309 0.755990 0.098737 0.103300
2 0.491686 0.810425 0.089122 0.095710
2 0.253186 0.386605 0.028358 0.032910