1 0.787362 0.433240 0.175275 0.165380
2 0.754753 0.639670 0.169455 0.151980
2 0.692446 0.777965 0.127522 0.142090
0 0.635960 0.334830 0.135675 0.131600
0 0.589085 0.443135 0.124620 0.114130
2 0.587922 0.545040 0.130440 0.130440
2 0.554435 0.678390 0.122865 0.116460
2 0.530563 0.554070 0.077445 0.110060
2 0.513091 0.644620 0.082102 0.096660
2 0.452240 0.685960 0.074535 0.069880
2 0.414391 0.631520 0.090848 0.080940
0 0.440885 0.471090 0.094920 0.085020
2 0.467382 0.399175 0.094335 0.101910
2 0.419923 0.516510 0.097245 0.092000
2 0.338690 0.524080 0.085020 0.089680
2 0.280749 0.565425 0.083272 0.076870
1 0.281915 0.372390 0.094920 0.099580
2 0.235910 0.441685 0.080940 0.082110
2 0.226306 0.527575 0.079192 0.062890