2 0.768729 0.519420 0.151987 0.136260
2 0.641495 0.368895 0.168870 0.169450
2 0.670696 0.633830 0.117127 0.113160
2 0.542787 0.676315 0.095550 0.099510
0 0.541685 0.508780 0.095100 0.094660
0 0.477620 0.479500 0.090270 0.093340
1 0.504039 0.585395 0.058567 0.077930
0 0.463749 0.601685 0.094222 0.093790
2 0.453181 0.670155 0.073972 0.065170
2 0.523899 0.744895 0.048248 0.051690
2 0.505903 0.805770 0.043650 0.041740
2 0.489245 0.765570 0.063180 0.067000
0 0.261237 0.802135 0.060495 0.062790
0 0.222950 0.753700 0.062790 0.067000
0 0.190408 0.784525 0.073515 0.073510
0 0.772209 0.979800 0.044557 0.039500
0 0.793730 0.939040 0.046080 0.030880
0 0.809934 0.974230 0.043043 0.047600
1 0.834237 0.971445 0.033930 0.036970