2 0.181558 0.183865 0.065070 0.101330
2 0.249249 0.204610 0.092152 0.100880
2 0.485960 0.351355 0.155910 0.176010
2 0.278945 0.441105 0.037995 0.041050
2 0.598854 0.474295 0.123158 0.122290
2 0.457573 0.555090 0.125340 0.128400
2 0.473731 0.658160 0.113107 0.106560
2 0.561515 0.723670 0.137565 0.131900
2 0.169764 0.713845 0.089528 0.060710
2 0.411496 0.760575 0.146738 0.146310
2 0.477005 0.868880 0.138885 0.152420
2 0.622441 0.838535 0.055028 0.055030
2 0.544044 0.847265 0.038873 0.072490
2 0.296769 0.375175 0.054247 0.055250