1 0.345680 0.253890 0.129270 0.136260
2 0.596364 0.346475 0.110062 0.103650
2 0.545994 0.349100 0.071047 0.100740
2 0.591702 0.434695 0.084435 0.093750
2 0.548323 0.446050 0.048915 0.086180
2 0.449330 0.435570 0.097830 0.101320
2 0.372462 0.500205 0.103650 0.115290
2 0.436227 0.585800 0.086760 0.105980
2 0.444669 0.667330 0.076867 0.092000
2 0.353833 0.674605 0.083850 0.104230
2 0.458352 0.744485 0.071625 0.077450
2 0.448456 0.819020 0.051833 0.075120
2 0.375084 0.761080 0.073958 0.080360
2 0.383236 0.830960 0.072787 0.085020
2 0.610374 0.531455 0.065167 0.076610
2 0.626664 0.581650 0.053722 0.061640
2 0.591440 0.632505 0.049320 0.062970
2 0.562820 0.600360 0.046680 0.058560
2 0.592542 0.667510 0.040065 0.040500