2 0.805516 0.046180 0.050378 0.055300
2 0.796974 0.123910 0.047767 0.046320
2 0.811595 0.184565 0.039375 0.039090
2 0.866892 0.130715 0.016215 0.045450
2 0.352865 0.051095 0.061665 0.070930
2 0.165260 0.059785 0.080190 0.091190
0 0.636440 0.351175 0.049800 0.050950
2 0.603440 0.359280 0.036480 0.035900
2 0.548574 0.326855 0.030983 0.029530
2 0.539746 0.395475 0.024322 0.026630
1 0.693477 0.450190 0.034740 0.042260
2 0.597069 0.451930 0.035318 0.033580
1 0.526138 0.459885 0.072960 0.071510
2 0.426256 0.417910 0.064268 0.062240
1 0.425532 0.486235 0.070350 0.072090
1 0.395566 0.455835 0.041692 0.050090
2 0.333035 0.548620 0.059640 0.059060
1 0.301333 0.546450 0.039660 0.054140
1 0.407728 0.553405 0.072960 0.070930
2 0.328257 0.594075 0.051240 0.043430
2 0.313636 0.640975 0.039953 0.042270
2 0.418872 0.592200 0.061665 0.054140
2 0.432913 0.621150 0.048060 0.040820
2 0.427269 0.653285 0.025193 0.025770
2 0.372406 0.657045 0.055013 0.059350
2 0.374000 0.691930 0.050085 0.034740
2 0.501672 0.495495 0.058770 0.059930
1 0.530622 0.627805 0.073245 0.075570
2 0.503120 0.568310 0.060510 0.061960
2 0.493422 0.637210 0.033585 0.047480
2 0.491686 0.692515 0.066592 0.066010
2 0.513399 0.732175 0.055583 0.052690
2 0.550310 0.542110 0.051825 0.057040
2 0.602570 0.561510 0.060795 0.065140
2 0.599240 0.624620 0.057030 0.061080
2 0.629926 0.677025 0.044872 0.050090
1 0.626165 0.583510 0.053565 0.057620
1 0.600110 0.502595 0.046035 0.051530
2 0.665825 0.484210 0.029820 0.028660