0 0.625246 0.398275 0.093217 0.092650
0 0.719026 0.556740 0.109028 0.094340
0 0.344195 0.612670 0.075705 0.077400
0 0.239398 0.409295 0.077400 0.078530
1 0.613947 0.515785 0.080790 0.081350
1 0.266517 0.632720 0.071745 0.068920
2 0.595587 0.595155 0.073440 0.076270
2 0.570451 0.644305 0.066098 0.061570
2 0.644739 0.659845 0.092648 0.085870
2 0.607453 0.722830 0.074565 0.081920
2 0.550111 0.720850 0.050273 0.071180
0 0.274141 0.535835 0.075698 0.071750
1 0.220475 0.482170 0.070050 0.069480
2 0.173300 0.525665 0.064965 0.053670
2 0.193921 0.615775 0.058748 0.053110
2 0.288834 0.695715 0.061013 0.062710
2 0.361141 0.701645 0.054233 0.051970