0 0.452986 0.299820 0.119663 0.127960
2 0.161683 0.362270 0.071625 0.070320
1 0.512165 0.433460 0.100890 0.104380
2 0.141376 0.425380 0.031883 0.056780
1 0.365202 0.460540 0.131895 0.131460
0 0.451021 0.541555 0.070312 0.070750
1 0.417391 0.580855 0.050227 0.054150
2 0.593105 0.575435 0.105345 0.112610
2 0.488255 0.580385 0.106995 0.113270
2 0.516988 0.654195 0.105015 0.103030
2 0.585342 0.711155 0.084540 0.086190
2 0.437731 0.657660 0.059437 0.063740
2 0.525586 0.727235 0.060877 0.062890
2 0.381290 0.693065 0.054270 0.056570
2 0.410866 0.721345 0.042787 0.037910
2 0.462267 0.730535 0.041640 0.039050
2 0.416323 0.749780 0.051975 0.054560
2 0.460404 0.801320 0.104527 0.108840
2 0.542244 0.816110 0.082133 0.092460