0 0.862640 0.604445 0.023580 0.073370
0 0.304715 0.252435 0.109620 0.127530
1 0.411931 0.388910 0.099577 0.096520
1 0.353630 0.441755 0.089535 0.089530
1 0.485086 0.438705 0.078173 0.086910
2 0.435736 0.467085 0.080797 0.068570
2 0.561954 0.434550 0.096518 0.094340
2 0.223482 0.474080 0.104385 0.107000
2 0.419795 0.521680 0.074250 0.079040
2 0.531815 0.521680 0.079050 0.070320
2 0.715246 0.523430 0.074677 0.079920
2 0.725289 0.566010 0.034507 0.042800
2 0.549508 0.586535 0.082980 0.088230
2 0.630519 0.634795 0.079042 0.090410
2 0.572218 0.668420 0.068130 0.082540
2 0.539022 0.740485 0.055905 0.068570
2 0.423290 0.607065 0.069000 0.078610
2 0.468924 0.666020 0.073808 0.082980
2 0.355378 0.587405 0.076425 0.087350
2 0.336380 0.649205 0.091710 0.093030
2 0.200338 0.669950 0.094770 0.087340