0 0.465069 0.400460 0.077497 0.090260
0 0.346186 0.370745 0.073972 0.073090
1 0.274194 0.328250 0.078818 0.077940
1 0.316246 0.494465 0.075727 0.073970
2 0.441954 0.337935 0.063847 0.044470
2 0.358955 0.439870 0.047550 0.047560
2 0.402106 0.510760 0.070448 0.078380
2 0.348830 0.551930 0.053715 0.055040
1 0.532659 0.273435 0.090263 0.100390
1 0.640535 0.359735 0.085860 0.081010
1 0.661227 0.267710 0.082335 0.059880
2 0.677964 0.210470 0.057682 0.064280
2 0.644499 0.412575 0.059437 0.044910
2 0.670475 0.438550 0.037425 0.039620
2 0.562160 0.386815 0.062970 0.063850
2 0.555995 0.472895 0.096435 0.097750
2 0.401004 0.320545 0.056798 0.051070
2 0.488187 0.508120 0.067365 0.064280
2 0.496332 0.587150 0.062520 0.056800
2 0.750391 0.399805 0.049312 0.045790
2 0.390219 0.598380 0.060757 0.028180
2 0.479604 0.646375 0.071332 0.069570
2 0.521210 0.712865 0.043590 0.047550
2 0.412452 0.730475 0.040950 0.046670
2 0.354774 0.732460 0.069128 0.083220
2 0.345747 0.795640 0.045795 0.056360
2 0.482682 0.863890 0.069570 0.085420
2 0.666072 0.751610 0.045345 0.044920
2 0.686990 0.833065 0.066045 0.076610
2 0.738946 0.680500 0.077497 0.080580