0 0.282208 0.074825 0.110640 0.148490
0 0.214659 0.065220 0.166538 0.130440
0 0.190655 0.538255 0.091650 0.085070
0 0.277745 0.521805 0.073425 0.072410
2 0.231159 0.613705 0.047093 0.060770
2 0.320030 0.605095 0.066840 0.064810
2 0.285342 0.677000 0.055200 0.056720
2 0.399020 0.786625 0.096210 0.094690
1 0.440544 0.730925 0.154942 0.155450
2 0.514977 0.748145 0.046590 0.077470
0 0.416236 0.498510 0.134693 0.129120
1 0.555995 0.535220 0.110385 0.092160
2 0.490670 0.652440 0.098235 0.095700
0 0.550171 0.433945 0.134183 0.131650