1 0.381781 0.209635 0.154897 0.133930
1 0.300256 0.413150 0.129277 0.140340
1 0.491259 0.276015 0.131602 0.140910
1 0.508434 0.415475 0.125197 0.143830
1 0.478445 0.456240 0.100155 0.117040
1 0.299964 0.520585 0.112388 0.108310
1 0.329956 0.624530 0.089678 0.096080
1 0.557349 0.521755 0.108892 0.123450
2 0.543954 0.607930 0.079778 0.092000
1 0.466509 0.605605 0.094913 0.107150
2 0.451074 0.698190 0.069877 0.067540
2 0.338690 0.678685 0.074535 0.073950
1 0.660710 0.265535 0.140925 0.137430
1 0.673813 0.384910 0.122865 0.119960
1 0.681380 0.493220 0.107730 0.110640
2 0.713116 0.590750 0.088507 0.096080
2 0.662165 0.641995 0.069300 0.073950
2 0.743398 0.695860 0.059400 0.075700
2 0.707292 0.674025 0.048915 0.054150