0 0.517839 0.423195 0.093022 0.094330
1 0.527015 0.470800 0.079920 0.042800
2 0.537714 0.507050 0.058523 0.052400
0 0.568284 0.544170 0.083858 0.082980
2 0.500806 0.534345 0.046732 0.044990
2 0.582260 0.577800 0.067260 0.050660
1 0.409310 0.631735 0.082980 0.093030
0 0.374154 0.714280 0.103508 0.113980
2 0.411931 0.743975 0.076867 0.089530
2 0.511291 0.730875 0.072937 0.058090
2 0.519151 0.778700 0.080798 0.082980
1 0.527450 0.861455 0.089535 0.086910
2 0.376996 0.948155 0.096953 0.103070
0 0.613051 0.919760 0.104377 0.115300