0 0.390519 0.510685 0.144412 0.147910
1 0.242611 0.520005 0.095498 0.094330
2 0.303170 0.432655 0.054735 0.064050
2 0.336650 0.568045 0.078615 0.083270
2 0.347427 0.671405 0.126945 0.131610
2 0.181468 0.625405 0.097830 0.098990
2 0.205633 0.715950 0.100740 0.104240
2 0.351500 0.756710 0.100155 0.079780
2 0.423710 0.807960 0.132765 0.126360
2 0.354702 0.876085 0.098415 0.104230
1 0.441177 0.566880 0.083850 0.092580
2 0.403910 0.422760 0.078030 0.055900
2 0.476698 0.358410 0.080355 0.079780
1 0.472332 0.497000 0.046005 0.070460
1 0.627808 0.430910 0.084435 0.081520
2 0.520081 0.409365 0.058807 0.058230
2 0.632176 0.480405 0.064058 0.052410
1 0.675852 0.537475 0.110640 0.107150
2 0.651391 0.575615 0.089678 0.086770
2 0.691179 0.844105 0.070312 0.062270
2 0.440052 0.986405 0.094425 0.026790