0 0.598419 0.422105 0.110062 0.113990
1 0.320004 0.441105 0.096518 0.089970
1 0.469145 0.494165 0.086475 0.085170
2 0.169764 0.403760 0.088658 0.085160
2 0.600166 0.579545 0.082102 0.084730
2 0.481374 0.592865 0.069008 0.072930
2 0.604970 0.714500 0.072495 0.071620
2 0.491420 0.709475 0.056775 0.058090
2 0.611956 0.776080 0.055898 0.054160
1 0.226655 0.745325 0.038475 0.036470
1 0.275757 0.792565 0.039630 0.039630
2 0.233548 0.849560 0.041355 0.041640
0 0.411155 0.867365 0.028425 0.034170
0 0.410293 0.927385 0.030150 0.037610
1 0.400962 0.915750 0.024120 0.030440
0 0.404694 0.965860 0.031012 0.039340
0 0.535783 0.968020 0.037620 0.038480
0 0.504481 0.978930 0.031298 0.040200
1 0.488544 0.931115 0.031012 0.038190
1 0.448629 0.954665 0.031582 0.036470
1 0.429965 0.984820 0.028140 0.029580
0 0.494720 0.902980 0.030150 0.035320
0 0.587326 0.836355 0.022973 0.026130
1 0.474763 0.895650 0.022395 0.032160
2 0.561196 0.925660 0.019523 0.023260
2 0.532340 0.885460 0.019815 0.020960
2 0.512521 0.921500 0.027278 0.026420
2 0.293563 0.793710 0.021255 0.029860
2 0.294080 0.473060 0.068025 0.054480
2 0.275919 0.509550 0.056137 0.046900
2 0.161161 0.460515 0.067703 0.055810
1 0.145640 0.837475 0.039960 0.042270
2 0.186425 0.870165 0.038310 0.038310
2 0.183946 0.796030 0.037313 0.035340
2 0.237609 0.888825 0.033023 0.032030
2 0.181801 0.925480 0.033023 0.034020
2 0.560593 0.964990 0.018990 0.025060