2 0.826959 0.063765 0.066967 0.073950
2 0.828999 0.034065 0.092002 0.068130
1 0.341345 0.172160 0.145305 0.166440
1 0.456706 0.322085 0.206947 0.210910
0 0.374806 0.484120 0.143542 0.142220
2 0.373925 0.361495 0.115365 0.148830
2 0.505580 0.534320 0.140895 0.141340
2 0.548949 0.628320 0.114922 0.110080
2 0.472996 0.754470 0.082777 0.089380
2 0.451861 0.689745 0.061643 0.067370
2 0.487527 0.799600 0.072210 0.057240
0 0.258785 0.717485 0.055920 0.048870
0 0.253186 0.967145 0.080002 0.062790
0 0.230907 0.990180 0.070890 0.018740