0 0.290082 0.353755 0.097830 0.097830
0 0.371532 0.373845 0.083415 0.084730
0 0.321965 0.442850 0.098700 0.090840
1 0.425690 0.472545 0.086910 0.087350
2 0.349044 0.598545 0.077737 0.079930
0 0.283317 0.728910 0.051975 0.049780
0 0.325242 0.745285 0.051975 0.051970
2 0.365420 0.683930 0.056340 0.058520
2 0.412805 0.681085 0.053280 0.063330
2 0.398611 0.738300 0.050227 0.051100
2 0.530945 0.504870 0.079920 0.085600
2 0.581386 0.549415 0.075112 0.068130
2 0.653664 0.495695 0.115732 0.114430
2 0.661310 0.361180 0.110055 0.111800
2 0.704761 0.167705 0.118358 0.127530