0 0.618369 0.125490 0.094448 0.104360
0 0.715951 0.208045 0.151582 0.155870
2 0.625303 0.353020 0.101715 0.098400
0 0.574280 0.405530 0.146295 0.147280
2 0.722060 0.416755 0.148605 0.146630
2 0.532179 0.511530 0.094448 0.112940
2 0.611596 0.539765 0.138368 0.141670
2 0.616385 0.638345 0.108315 0.093130
2 0.524086 0.640160 0.054487 0.078260
2 0.565036 0.660960 0.092138 0.102040
2 0.526565 0.694645 0.067365 0.064390
2 0.628276 0.690025 0.058777 0.035330
2 0.557274 0.736090 0.059438 0.050860
2 0.640824 0.747815 0.059437 0.069010
2 0.597399 0.770765 0.080902 0.088510
2 0.606811 0.831365 0.052178 0.046570
2 0.380105 0.845565 0.034680 0.047230
2 0.353026 0.838460 0.051188 0.054820
2 0.367723 0.771590 0.060105 0.062420
1 0.303987 0.667900 0.091800 0.094780
2 0.343119 0.652870 0.041933 0.062740
2 0.341465 0.707855 0.064395 0.060430
0 0.306298 0.544060 0.103695 0.096100
0 0.354016 0.552315 0.066382 0.086190
0 0.267001 0.493370 0.096427 0.090480