0 0.269953 0.713275 0.031710 0.031210
2 0.286310 0.736750 0.027465 0.031220
2 0.320518 0.708035 0.044940 0.050690
2 0.367460 0.707785 0.049440 0.057190
2 0.393181 0.666455 0.056932 0.057430
2 0.307531 0.665960 0.058433 0.049940
2 0.318271 0.614270 0.065423 0.059920
2 0.418899 0.598035 0.061927 0.058930
0 0.334501 0.546850 0.067418 0.066920
0 0.431386 0.514390 0.061928 0.061420
2 0.649876 0.837505 0.074408 0.079910
2 0.710555 0.787815 0.086400 0.093890
2 0.604183 0.773080 0.076410 0.082900
2 0.710052 0.729010 0.037455 0.029220
2 0.576714 0.688060 0.076913 0.073660
2 0.705185 0.654475 0.113610 0.123850
2 0.561856 0.595415 0.101123 0.099130
2 0.508044 0.563705 0.063923 0.067170
2 0.757749 0.553720 0.112372 0.106120
2 0.788960 0.411135 0.171300 0.153570
2 0.550996 0.456335 0.131843 0.120610
2 0.621039 0.279170 0.132592 0.149320
2 0.324436 0.283685 0.033652 0.030610
2 0.319554 0.249380 0.031702 0.036260
2 0.331276 0.205625 0.028658 0.041690
2 0.321721 0.193140 0.039953 0.042340
2 0.331168 0.155250 0.036690 0.049080
2 0.305765 0.109545 0.047115 0.049730
2 0.394242 0.176640 0.035610 0.045380
2 0.406843 0.237655 0.035610 0.033650
2 0.382197 0.262730 0.030615 0.029100
2 0.415415 0.268810 0.031485 0.030400
2 0.422037 0.298125 0.018675 0.021270
2 0.408361 0.311590 0.024322 0.025620
2 0.378613 0.220715 0.032565 0.038430
2 0.333882 0.249920 0.012165 0.025620
2 0.531519 0.626450 0.055477 0.057460
2 0.740225 0.517310 0.143985 0.091480
2 0.676820 0.489405 0.099075 0.097750
2 0.366500 0.315625 0.019530 0.029790
2 0.295992 0.497885 0.020625 0.021710
1 0.323566 0.477800 0.017588 0.021060
0 0.381650 0.468035 0.017805 0.018890
2 0.764375 0.660560 0.030570 0.053720
2 0.822898 0.507265 0.045420 0.070310