0 0.363579 0.561395 0.102592 0.092470
2 0.483346 0.771425 0.060323 0.052830
2 0.435133 0.802025 0.066045 0.066490
2 0.399241 0.808410 0.039187 0.067800
2 0.372826 0.760635 0.066488 0.067370
2 0.333196 0.743465 0.071767 0.071770
2 0.371285 0.615995 0.053715 0.043150
2 0.316467 0.577025 0.040065 0.062090
2 0.433591 0.540040 0.069127 0.076180
1 0.401668 0.510100 0.060765 0.036540
2 0.345087 0.490725 0.077940 0.069130
2 0.388677 0.466730 0.064725 0.062520
2 0.395941 0.387695 0.074857 0.079690
2 0.455825 0.352690 0.085425 0.086300
2 0.391977 0.274095 0.102150 0.107870
2 0.546530 0.213335 0.099510 0.098190
2 0.541902 0.667070 0.049755 0.046680
2 0.611476 0.300955 0.092902 0.105230
2 0.769767 0.261980 0.095985 0.084540
2 0.667614 0.397380 0.076613 0.083220
0 0.851881 0.453300 0.042713 0.040060
2 0.851004 0.486100 0.037432 0.029940
2 0.761619 0.450440 0.062962 0.052840
2 0.646258 0.471355 0.029505 0.039190
2 0.685445 0.459685 0.043590 0.044030
2 0.682584 0.493370 0.044917 0.034780