2 0.442288 0.213345 0.146310 0.183870
2 0.346205 0.252870 0.196095 0.213120
1 0.154812 0.464075 0.059625 0.070630
2 0.321530 0.483825 0.140895 0.126850
2 0.419510 0.533955 0.094560 0.090390
2 0.338810 0.579525 0.118485 0.117730
2 0.409445 0.603830 0.046335 0.064560
2 0.354571 0.654150 0.090008 0.069500
0 0.150826 0.797130 0.049372 0.065320
2 0.542364 0.509840 0.117728 0.121900
2 0.540088 0.681110 0.118485 0.129500
2 0.666931 0.840045 0.122287 0.140510
2 0.636928 0.933470 0.082785 0.094940
2 0.551859 0.807580 0.034942 0.034560
2 0.501729 0.851060 0.018233 0.022020
2 0.537238 0.926065 0.020130 0.025450
2 0.157790 0.883195 0.044295 0.044510
2 0.166689 0.922820 0.036908 0.036480