1 0.384856 0.345020 0.186922 0.179940
0 0.590120 0.296110 0.193905 0.203520
2 0.616325 0.435205 0.103065 0.108750
2 0.543609 0.471020 0.160283 0.153300
2 0.350791 0.558800 0.151987 0.144560
2 0.536619 0.621690 0.126218 0.120980
2 0.501684 0.721050 0.092152 0.096960
0 0.431806 0.660565 0.073808 0.071190
0 0.383547 0.653570 0.060270 0.066820
0 0.401233 0.717555 0.087780 0.075990
2 0.392499 0.768655 0.076433 0.075990
2 0.146401 0.639160 0.042803 0.044980
2 0.208854 0.664275 0.035813 0.034070
1 0.300785 0.781755 0.066825 0.073370
2 0.454078 0.754675 0.051975 0.062890
0 0.362109 0.831365 0.033023 0.035330
2 0.463321 0.810065 0.030052 0.040290
2 0.250655 0.806100 0.060435 0.060760
2 0.258909 0.840280 0.049208 0.047220
2 0.178936 0.586535 0.046732 0.053290
2 0.494694 0.546140 0.068573 0.056340
2 0.581169 0.561860 0.047602 0.024900