0 0.386889 0.290750 0.064897 0.062320
0 0.271310 0.322625 0.068055 0.063470
0 0.136917 0.370005 0.022680 0.023830
0 0.373333 0.381045 0.058680 0.056930
1 0.168099 0.396160 0.024967 0.024100
1 0.136726 0.420915 0.023453 0.031050
2 0.149319 0.441435 0.023453 0.022150
2 0.140090 0.454135 0.029310 0.024530
2 0.164953 0.464230 0.013455 0.012160
2 0.287199 0.417550 0.059062 0.053420
2 0.367648 0.436875 0.055365 0.053410
2 0.362218 0.476285 0.049725 0.043210
2 0.301423 0.478455 0.056670 0.053190
2 0.318575 0.510700 0.047115 0.044300
2 0.358201 0.514285 0.036473 0.037130
0 0.388959 0.495255 0.039278 0.032470
1 0.427666 0.499695 0.034358 0.032290
2 0.408121 0.530750 0.027757 0.026440
0 0.694869 0.488745 0.107107 0.098210
0 0.567084 0.555655 0.117443 0.109130
0 0.484381 0.603610 0.032453 0.031580
0 0.435853 0.603035 0.039915 0.037330
1 0.443030 0.643525 0.038760 0.035610
2 0.483808 0.653290 0.030150 0.030440
2 0.449634 0.676690 0.036473 0.035320
1 0.590795 0.699600 0.111945 0.102700
2 0.704064 0.704385 0.098078 0.100390
2 0.618699 0.765315 0.091807 0.077610
0 0.640989 0.450770 0.021473 0.020480
1 0.595580 0.972045 0.042270 0.051850