2 0.608296 0.454900 0.078263 0.072320
2 0.519463 0.437725 0.082890 0.084210
2 0.503776 0.525075 0.073313 0.070010
2 0.567841 0.584350 0.049538 0.051180
2 0.494367 0.598715 0.063735 0.063410
2 0.566686 0.642970 0.052507 0.055480
2 0.507740 0.655350 0.063405 0.064400
2 0.517479 0.701745 0.053167 0.048870
2 0.556115 0.697945 0.035205 0.043910
1 0.476709 0.760345 0.024218 0.024470
0 0.454107 0.765220 0.023970 0.024720
0 0.435174 0.841830 0.019327 0.019540
0 0.445921 0.879610 0.021712 0.018680
2 0.388603 0.717085 0.025620 0.026270
2 0.617232 0.659990 0.020010 0.020200
2 0.600710 0.681235 0.017940 0.016610
2 0.591459 0.678965 0.016808 0.017370
2 0.588819 0.697000 0.014918 0.016800
2 0.620821 0.677455 0.018877 0.017750
2 0.629128 0.692280 0.017745 0.017940
2 0.634224 0.710120 0.014348 0.015480
2 0.612609 0.707955 0.013403 0.012650
2 0.625633 0.723905 0.014160 0.014730
2 0.675388 0.722300 0.011325 0.013780
2 0.652257 0.713995 0.013410 0.012270
0 0.747511 0.870840 0.016478 0.018720
2 0.728908 0.874460 0.013740 0.014480
2 0.712677 0.726765 0.018225 0.015230
1 0.770547 0.856550 0.014355 0.014920