0 0.337689 0.605970 0.113558 0.113980
1 0.219335 0.639595 0.110925 0.105250
2 0.311701 0.709040 0.103508 0.113980
2 0.406254 0.711660 0.092588 0.109620
0 0.500371 0.696810 0.102637 0.113980
2 0.578330 0.727160 0.068130 0.077740
2 0.619381 0.698125 0.078607 0.092150
2 0.565006 0.618855 0.096518 0.097830
0 0.580512 0.512945 0.098700 0.112250
0 0.607591 0.361835 0.125782 0.124470
2 0.651916 0.535000 0.085162 0.075120
0 0.665019 0.603570 0.107873 0.111800
2 0.804279 0.684015 0.034747 0.041350
0 0.825526 0.731970 0.039337 0.035040
0 0.810736 0.746905 0.043072 0.045370
0 0.860131 0.720770 0.028717 0.046520
1 0.866592 0.756525 0.016365 0.045090
2 0.839600 0.769160 0.042210 0.041640
2 0.856970 0.820415 0.035610 0.047090
0 0.431397 0.310280 0.029865 0.037620
0 0.270590 0.850140 0.024120 0.030720
1 0.252568 0.855540 0.024540 0.029460
2 0.282425 0.785700 0.017805 0.021500
2 0.268310 0.785805 0.016935 0.021710