0 0.656285 0.311610 0.165525 0.162900
1 0.375028 0.298945 0.165525 0.163770
2 0.563262 0.430405 0.127965 0.127090
2 0.382018 0.485650 0.138450 0.127520
0 0.193569 0.545920 0.099578 0.089100
2 0.527450 0.629555 0.115740 0.115730
2 0.407566 0.665585 0.103942 0.108310
2 0.436828 0.749220 0.082980 0.088660
2 0.509326 0.780010 0.103942 0.109180
2 0.471762 0.811455 0.045420 0.049790
2 0.535092 0.837220 0.063765 0.064640
2 0.488424 0.907650 0.031373 0.034680
0 0.230510 0.913755 0.039300 0.044910
1 0.256434 0.939350 0.038963 0.042600
0 0.606481 0.680610 0.053498 0.048880
2 0.734776 0.707690 0.053167 0.061420
2 0.718756 0.620180 0.049537 0.047560
1 0.564046 0.682760 0.037313 0.032040
2 0.557109 0.719745 0.036652 0.034670
2 0.710338 0.732460 0.034680 0.033020
2 0.653701 0.664265 0.027742 0.034010
2 0.603343 0.715120 0.041940 0.038640