0 0.386821 0.474730 0.072068 0.059400
1 0.598858 0.350045 0.079485 0.079050
1 0.637070 0.399610 0.089535 0.088220
2 0.585973 0.468400 0.072930 0.075560
2 0.601910 0.491765 0.048915 0.043670
2 0.283535 0.432800 0.079485 0.077740
2 0.394246 0.507705 0.068573 0.063330
2 0.473731 0.526045 0.072937 0.067690
2 0.563041 0.534350 0.066383 0.064200
2 0.584225 0.584790 0.025770 0.027080
2 0.510418 0.581080 0.053715 0.058960
2 0.398615 0.566665 0.056340 0.055470
2 0.459320 0.606410 0.061575 0.066820
2 0.399706 0.622130 0.055898 0.053720
2 0.369354 0.548535 0.036248 0.057650
2 0.378084 0.650515 0.058957 0.054590
2 0.427873 0.643965 0.045855 0.049350
2 0.598854 0.429090 0.062888 0.053720