2 0.804774 0.013320 0.078173 0.025760
2 0.827266 0.028170 0.048907 0.050220
2 0.851941 0.043020 0.044108 0.086040
2 0.788176 0.086910 0.069442 0.075120
2 0.788836 0.165090 0.051532 0.048040
2 0.862422 0.163995 0.024015 0.027510
2 0.828796 0.211815 0.029258 0.027950
2 0.787524 0.228190 0.035813 0.031880
2 0.865914 0.208755 0.017032 0.030570
2 0.862640 0.256800 0.021840 0.027080
1 0.535966 0.301570 0.101318 0.107000
1 0.458881 0.340655 0.089527 0.099570
2 0.608465 0.367075 0.089970 0.087790
2 0.508670 0.408785 0.106125 0.112670
2 0.465433 0.438920 0.044985 0.069000
2 0.578109 0.452020 0.065947 0.073380
2 0.522864 0.517535 0.107438 0.105690
0 0.392323 0.719250 0.086190 0.090480
1 0.473892 0.779025 0.082230 0.103690
2 0.375976 0.810560 0.087847 0.092800
2 0.406194 0.859105 0.070342 0.081570
2 0.407514 0.911280 0.059768 0.041940
2 0.397936 0.948265 0.078262 0.088170
2 0.453087 0.970560 0.061095 0.058120