2 0.523411 0.050635 0.042713 0.048430
2 0.855845 0.153445 0.038310 0.094670
2 0.856287 0.340360 0.037425 0.066920
2 0.805651 0.308875 0.073538 0.068250
2 0.840436 0.295450 0.055043 0.054600
2 0.782536 0.189775 0.040507 0.039630
2 0.769546 0.236005 0.073538 0.071330
2 0.734982 0.212890 0.059880 0.063840
2 0.827667 0.245690 0.063840 0.059000
2 0.776589 0.290385 0.054157 0.054150
2 0.689847 0.281800 0.052395 0.051960
2 0.740266 0.337275 0.045787 0.046670
2 0.657706 0.344325 0.039187 0.041390
2 0.668713 0.399585 0.016290 0.017170
2 0.653525 0.380865 0.014085 0.015850
2 0.726616 0.405965 0.044033 0.047550
2 0.831189 0.387030 0.062962 0.059880
2 0.859149 0.446475 0.030817 0.047550
2 0.810913 0.438315 0.016980 0.016310
2 0.739827 0.448135 0.021975 0.019970
2 0.786440 0.679695 0.075240 0.074250
2 0.519496 0.416765 0.077722 0.089210
2 0.552616 0.577000 0.097252 0.095720
2 0.500158 0.538905 0.047475 0.048630
2 0.432965 0.446440 0.099930 0.098780
2 0.387785 0.398385 0.023355 0.020290
1 0.386442 0.481470 0.038295 0.044800
2 0.359832 0.431315 0.032550 0.028710
2 0.398311 0.525505 0.055898 0.049390
1 0.410757 0.590400 0.069300 0.068920
1 0.378020 0.565320 0.061260 0.063940
2 0.365000 0.608015 0.049005 0.052070
1 0.331498 0.657785 0.054750 0.057430
1 0.299337 0.597865 0.052455 0.051690
0 0.244775 0.536415 0.044415 0.035230
2 0.296847 0.645920 0.042885 0.045180
2 0.389120 0.686695 0.060495 0.065470
2 0.365004 0.708905 0.052073 0.053990
2 0.391614 0.772650 0.047858 0.048240
2 0.347195 0.770355 0.039435 0.042890
2 0.319246 0.784140 0.034837 0.032920
2 0.472014 0.628115 0.046328 0.050150
2 0.507241 0.664875 0.032543 0.031010
2 0.438515 0.675015 0.051300 0.046710
2 0.448468 0.704120 0.045180 0.048240
2 0.648654 0.128615 0.034432 0.034430
2 0.431814 0.552495 0.050152 0.049770