0 0.374210 0.275460 0.120510 0.117480
1 0.368893 0.382045 0.113925 0.105830
2 0.383829 0.515980 0.088103 0.095200
2 0.521559 0.434710 0.089122 0.101780
2 0.453830 0.409300 0.023745 0.029100
2 0.407502 0.437060 0.031395 0.040200
2 0.433344 0.371395 0.031013 0.052070
2 0.443874 0.399345 0.049778 0.052830
2 0.535381 0.568575 0.080408 0.097250
2 0.443686 0.453520 0.030247 0.042500
2 0.464360 0.427485 0.027945 0.040970
2 0.445025 0.634245 0.058200 0.099930
2 0.594732 0.666785 0.046710 0.056290
2 0.553569 0.741635 0.073132 0.086530
2 0.509540 0.734365 0.050160 0.068150
2 0.496520 0.802520 0.057810 0.077340
2 0.580753 0.850380 0.053985 0.085000
1 0.594537 0.973475 0.040965 0.052450
1 0.820246 0.310515 0.050543 0.048250
2 0.833075 0.334635 0.042495 0.045950
2 0.849924 0.367950 0.044033 0.048240
2 0.851836 0.410640 0.044798 0.042500
2 0.846283 0.454670 0.040590 0.042500
2 0.858920 0.477645 0.032160 0.037910
2 0.839967 0.491235 0.024885 0.032930
2 0.638772 0.949310 0.040950 0.051960