1 0.609339 0.142375 0.159847 0.180810
2 0.502119 0.191730 0.135817 0.150240
2 0.628550 0.268155 0.124905 0.121410
2 0.583134 0.355500 0.046297 0.048040
2 0.578547 0.431710 0.097395 0.101760
0 0.494476 0.441320 0.094327 0.099140
2 0.416304 0.462720 0.081233 0.085160
2 0.527450 0.485865 0.060705 0.046730
2 0.580074 0.527355 0.043672 0.049350
2 0.479409 0.548540 0.073808 0.082980
2 0.391625 0.519935 0.035370 0.031010
2 0.414335 0.606190 0.078180 0.074240
2 0.494476 0.636975 0.074243 0.081670
2 0.427655 0.652700 0.080355 0.079920
2 0.499640 0.768650 0.065700 0.072160
2 0.438309 0.734855 0.075187 0.079750
0 0.378684 0.738080 0.057728 0.071780
0 0.393875 0.787070 0.072150 0.057340
1 0.368240 0.817450 0.050505 0.056580
1 0.397291 0.838335 0.044813 0.052030
0 0.441725 0.848975 0.069120 0.078610
1 0.411725 0.907835 0.062280 0.071010
0 0.808201 0.972395 0.047092 0.048230
0 0.724464 0.975625 0.045952 0.046330