2 0.671135 0.038870 0.086040 0.077740
2 0.640561 0.098050 0.061582 0.072060
2 0.619381 0.130805 0.024457 0.025770
0 0.543170 0.139535 0.086040 0.100010
0 0.395338 0.160940 0.070755 0.082540
0 0.519792 0.212835 0.070335 0.089490
0 0.477688 0.240740 0.058785 0.081900
0 0.365409 0.247510 0.089168 0.094120
1 0.394468 0.300185 0.082560 0.070670
1 0.369372 0.347405 0.088500 0.090490
2 0.467615 0.314220 0.068355 0.070340
2 0.436576 0.358800 0.057787 0.045240
2 0.451269 0.394130 0.073972 0.071660
2 0.385389 0.421705 0.075623 0.068690
2 0.407514 0.441685 0.055808 0.052510
2 0.448959 0.446145 0.045578 0.045570
2 0.454738 0.494360 0.070335 0.068680
2 0.413956 0.495680 0.031702 0.052840
0 0.191049 0.409060 0.028718 0.024400
2 0.440589 0.548335 0.059152 0.054270
2 0.375691 0.564990 0.051682 0.049100
2 0.409719 0.593705 0.043357 0.046810
2 0.864725 0.927525 0.020100 0.053990
0 0.446045 0.774325 0.089595 0.095050
0 0.501609 0.757530 0.052553 0.058000
0 0.578281 0.813240 0.061162 0.078680
0 0.528747 0.823435 0.089025 0.096770
0 0.513672 0.926810 0.105960 0.118600
0 0.146712 0.619775 0.043050 0.048150
0 0.177586 0.584845 0.043613 0.038330