0 0.274929 0.688865 0.180308 0.181630
0 0.376801 0.743850 0.142327 0.107320
0 0.364089 0.870330 0.186248 0.209700
2 0.453084 0.868515 0.053167 0.130110
2 0.525410 0.675660 0.045240 0.047560
2 0.470589 0.643955 0.067703 0.063410
2 0.464480 0.578570 0.081240 0.077940
2 0.533495 0.584845 0.062085 0.063410
1 0.541756 0.518470 0.075292 0.079260
0 0.461836 0.503115 0.095767 0.081570
0 0.450609 0.404870 0.136057 0.136720
0 0.575439 0.426335 0.099067 0.103030
0 0.477358 0.226540 0.109635 0.115580
0 0.412467 0.255270 0.070335 0.075300
0 0.637194 0.261545 0.115583 0.117570