2 0.562824 0.052190 0.105248 0.103500
2 0.811107 0.045855 0.125775 0.091710
2 0.766126 0.158535 0.089092 0.089970
2 0.629206 0.217930 0.080797 0.074240
2 0.609117 0.250685 0.110490 0.112670
2 0.767435 0.289120 0.098700 0.082980
2 0.717646 0.284095 0.027082 0.057210
2 0.624654 0.327735 0.087397 0.073670
2 0.557611 0.333855 0.056183 0.056430
1 0.562977 0.325860 0.088395 0.099880
2 0.632274 0.395155 0.043703 0.079650
0 0.423271 0.307760 0.121103 0.136080
1 0.536761 0.438350 0.086392 0.092140
1 0.491690 0.485920 0.094140 0.101380
2 0.415655 0.540605 0.092385 0.092390
2 0.483200 0.599410 0.091635 0.091140
2 0.424644 0.679695 0.089392 0.093890
0 0.293675 0.661465 0.083655 0.079910
0 0.319767 0.729010 0.070920 0.075660
1 0.361348 0.795055 0.075660 0.081910
2 0.315774 0.787565 0.053438 0.060930
2 0.354729 0.885950 0.060427 0.067920
2 0.679790 0.308605 0.063405 0.047230