2 0.866315 0.083525 0.017370 0.025190
2 0.843301 0.067020 0.030397 0.031560
2 0.840260 0.084245 0.022005 0.016790
2 0.863131 0.166180 0.023737 0.061960
2 0.860236 0.196145 0.029528 0.051250
2 0.768459 0.049215 0.061957 0.079330
2 0.777144 0.134475 0.049792 0.073250
0 0.707229 0.141280 0.105668 0.103640
0 0.639481 0.206420 0.079042 0.093220
0 0.643100 0.291105 0.065430 0.086570
2 0.676974 0.305000 0.090322 0.088880
1 0.742981 0.362755 0.085117 0.086850
2 0.663946 0.380130 0.090322 0.074700
2 0.818544 0.496945 0.112912 0.102770
2 0.780909 0.438465 0.096698 0.094670
2 0.654826 0.441650 0.091193 0.075560
0 0.470551 0.470455 0.110017 0.111170
0 0.434795 0.545295 0.103935 0.094670
0 0.370816 0.461770 0.107408 0.107700
0 0.344611 0.565995 0.099593 0.096690
0 0.277010 0.458440 0.089460 0.089460
0 0.243286 0.585680 0.111172 0.105960
1 0.329416 0.730000 0.097568 0.101040
2 0.247629 0.797170 0.103643 0.098140
2 0.214910 0.721030 0.103065 0.100460
2 0.162657 0.824385 0.074985 0.084250
1 0.390500 0.974785 0.066300 0.049790
2 0.528744 0.634320 0.078173 0.087440
2 0.574775 0.689905 0.067740 0.064850
2 0.660905 0.508960 0.088305 0.094380
2 0.621676 0.593645 0.086857 0.083090
2 0.645995 0.671525 0.090330 0.082510
2 0.805805 0.600450 0.106545 0.093800
2 0.715332 0.589010 0.096990 0.086560
2 0.715621 0.668915 0.085988 0.081930
0 0.804792 0.777050 0.048930 0.056160
0 0.785544 0.823370 0.060218 0.045740
0 0.783804 0.841320 0.053842 0.054420
1 0.725030 0.843055 0.049215 0.052690
1 0.821728 0.876495 0.060795 0.063410
1 0.813189 0.934110 0.065137 0.066880
2 0.710413 0.874035 0.048930 0.055590
2 0.752101 0.896620 0.057037 0.059640
2 0.776278 0.974640 0.053850 0.050080
2 0.756012 0.968995 0.048060 0.051530
2 0.704769 0.932660 0.044587 0.051240
2 0.710847 0.990705 0.030105 0.017950
2 0.858208 0.289945 0.030690 0.033870
2 0.864867 0.325560 0.020265 0.029820
2 0.839679 0.355230 0.027217 0.027220
2 0.855601 0.424565 0.030113 0.036190