2 0.533345 0.278420 0.106560 0.113120
2 0.789271 0.324710 0.104813 0.090400
2 0.616543 0.383675 0.100890 0.111370
2 0.375901 0.378645 0.114862 0.113550
2 0.683581 0.469055 0.083858 0.087350
2 0.451677 0.436735 0.089970 0.096090
2 0.386386 0.476910 0.081667 0.082980
2 0.785120 0.507705 0.063330 0.059830
2 0.375027 0.528665 0.071190 0.054590
2 0.703891 0.528015 0.046733 0.039310
2 0.665019 0.524520 0.042367 0.040180
2 0.700614 0.555310 0.052403 0.038000
2 0.339215 0.567320 0.071190 0.077740
1 0.401424 0.587800 0.077407 0.064920
2 0.436880 0.616020 0.075405 0.078400
1 0.373951 0.664835 0.106373 0.101630
2 0.320892 0.662215 0.042705 0.070410
2 0.360845 0.832515 0.075165 0.075410
2 0.405418 0.824770 0.052440 0.068920
0 0.372579 0.770210 0.034207 0.053680
2 0.507170 0.809535 0.056685 0.060930
2 0.472711 0.870715 0.068167 0.077410
2 0.437379 0.867345 0.049943 0.069670