2 0.726511 0.641995 0.104813 0.104230
2 0.615871 0.415185 0.168877 0.159550
2 0.552691 0.253595 0.148493 0.154310
2 0.485139 0.550865 0.063472 0.073370
2 0.492421 0.462935 0.081518 0.119950
2 0.434772 0.533395 0.065220 0.079190
2 0.376250 0.580270 0.129855 0.126360
2 0.464469 0.894720 0.034942 0.041340
2 0.391100 0.922960 0.045420 0.050080
2 0.389641 0.712745 0.092587 0.097830
2 0.327624 0.760210 0.069877 0.080940
2 0.258331 0.693535 0.128107 0.088510
2 0.246684 0.798930 0.154897 0.161880
2 0.187580 0.839980 0.052995 0.070460
2 0.167784 0.853960 0.052987 0.058820
2 0.225429 0.534855 0.150818 0.149650
2 0.287446 0.389270 0.182842 0.176440
2 0.173896 0.469635 0.095497 0.103070