0 0.346550 0.821935 0.169455 0.184590
0 0.493584 0.708380 0.121117 0.120540
0 0.461559 0.572995 0.105982 0.102490
0 0.420796 0.793105 0.093172 0.123450
0 0.705549 0.172950 0.166537 0.171200
1 0.647026 0.278635 0.121703 0.139170
1 0.654886 0.392480 0.096667 0.101320
2 0.809780 0.333955 0.107145 0.099570
2 0.756208 0.408490 0.109470 0.107720
2 0.415846 0.114425 0.079778 0.061150
2 0.227176 0.083850 0.121702 0.151400
2 0.269686 0.175275 0.050662 0.065210
2 0.539589 0.575320 0.057067 0.059400
2 0.709333 0.857745 0.087930 0.107150
2 0.570159 0.678395 0.086767 0.088510
2 0.566956 0.929660 0.115297 0.120540
2 0.519207 0.980610 0.108315 0.037260
1 0.306373 0.642290 0.135675 0.132760
1 0.307535 0.549990 0.064635 0.069300
1 0.328501 0.714205 0.108892 0.094910
2 0.379745 0.956150 0.106560 0.086180