2 0.842390 0.625985 0.064050 0.093170
2 0.779791 0.631805 0.085598 0.078030
0 0.839480 0.969255 0.058230 0.057650
2 0.700599 0.681305 0.054158 0.059390
2 0.677307 0.711875 0.039015 0.042510
2 0.673520 0.601815 0.045420 0.047170
2 0.639455 0.639670 0.051825 0.050660
0 0.642076 0.300180 0.150232 0.154320
0 0.390804 0.312990 0.170617 0.167120
0 0.145944 0.662085 0.040763 0.103650
2 0.559389 0.431785 0.124613 0.124030
2 0.406239 0.515925 0.140918 0.132770
2 0.542791 0.641415 0.113558 0.115870
2 0.427786 0.713330 0.118792 0.116460
2 0.548030 0.804465 0.111225 0.113550
2 0.562299 0.868225 0.068707 0.052410
2 0.496205 0.842020 0.068130 0.086180
2 0.447001 0.807375 0.095497 0.093750