1 0.245356 0.671915 0.103913 0.097750
1 0.233469 0.601020 0.103028 0.084540
2 0.200885 0.531235 0.087180 0.076170
2 0.290709 0.451760 0.088057 0.088060
0 0.348170 0.509000 0.095550 0.090700
1 0.438215 0.420495 0.111840 0.106550
1 0.378331 0.575925 0.101273 0.104790
1 0.348612 0.641975 0.070890 0.065170
2 0.326154 0.687545 0.069127 0.058570
2 0.299735 0.579450 0.074415 0.084540
2 0.376347 0.735980 0.078810 0.084100
1 0.456485 0.571300 0.064725 0.079700
1 0.419277 0.641975 0.059880 0.068690
2 0.480924 0.636685 0.058117 0.071330
2 0.498316 0.466730 0.087623 0.088060
2 0.530236 0.555235 0.068693 0.071330
2 0.540365 0.631630 0.081015 0.084980
2 0.609271 0.703835 0.076177 0.077930
2 0.526055 0.724090 0.059445 0.062960
2 0.537942 0.769885 0.043590 0.043590
2 0.687207 0.713745 0.048870 0.046670
2 0.639215 0.611370 0.062085 0.064720
2 0.606631 0.490290 0.060322 0.057680
2 0.612354 0.412570 0.036547 0.036100
2 0.655284 0.300510 0.050197 0.048000
1 0.617199 0.335955 0.063848 0.066930
2 0.623142 0.232705 0.053715 0.045350
1 0.565681 0.251420 0.078817 0.081020
0 0.567001 0.299190 0.066488 0.053280