1 0.758536 0.417225 0.072202 0.076290
1 0.849380 0.204390 0.051240 0.071040
0 0.825504 0.241370 0.057068 0.059980
1 0.846178 0.290280 0.055320 0.055320
1 0.677889 0.384325 0.059977 0.074530
2 0.766107 0.485355 0.061725 0.063470
2 0.686041 0.434695 0.056483 0.061150
2 0.700891 0.469630 0.050077 0.059980
2 0.709914 0.515640 0.047168 0.055320
2 0.744271 0.545335 0.037853 0.041350
2 0.783286 0.562510 0.041347 0.040760
2 0.776296 0.588425 0.040177 0.032030
0 0.611503 0.395095 0.057645 0.073950
1 0.523576 0.457985 0.092588 0.099570
1 0.495913 0.390440 0.087345 0.104240
0 0.530851 0.548245 0.098992 0.119370
1 0.449038 0.542420 0.087930 0.096080
2 0.412932 0.448380 0.091425 0.071040
0 0.339275 0.555235 0.117630 0.108890
0 0.455735 0.650730 0.117630 0.120540
1 0.377413 0.621035 0.100740 0.104230
2 0.561425 0.737495 0.063465 0.051830
2 0.541044 0.698480 0.071618 0.049500
2 0.566960 0.498170 0.032610 0.059980