1 0.539922 0.269030 0.095985 0.096860
0 0.630406 0.659365 0.051518 0.068250
0 0.718467 0.620835 0.037425 0.039630
1 0.499415 0.395615 0.117120 0.126370
2 0.513946 0.464750 0.086302 0.087620
2 0.418621 0.427325 0.069127 0.069130
2 0.427865 0.490945 0.092025 0.103910
2 0.490610 0.540045 0.070455 0.071770
2 0.371285 0.583410 0.044910 0.059000
2 0.540144 0.564035 0.099952 0.096870
2 0.455604 0.606970 0.079703 0.091140
2 0.379430 0.641755 0.029505 0.037430
2 0.545427 0.660905 0.089385 0.091590
2 0.484006 0.682040 0.062527 0.082780
2 0.557536 0.744565 0.073972 0.087190
2 0.521210 0.752935 0.029505 0.072210
2 0.557536 0.802685 0.057247 0.061650