0 0.374645 0.586075 0.030465 0.027190
0 0.416562 0.568325 0.026175 0.023910
1 0.336631 0.567820 0.028957 0.026440
2 0.361681 0.614645 0.028702 0.025930
2 0.324676 0.591360 0.026183 0.024160
2 0.341791 0.638565 0.025177 0.025430
2 0.319512 0.648380 0.010320 0.009820
2 0.297106 0.619680 0.019883 0.018880
2 0.428521 0.588340 0.025927 0.023160
1 0.480301 0.535460 0.024517 0.022320
1 0.468148 0.528565 0.026490 0.024730
2 0.431698 0.530535 0.021015 0.019930
2 0.437833 0.547390 0.016635 0.017300
1 0.455671 0.552535 0.022552 0.025390
2 0.447462 0.618100 0.021015 0.019040
2 0.457423 0.630030 0.006780 0.005700
2 0.468477 0.557460 0.018390 0.021240
2 0.467930 0.577055 0.014670 0.014890
2 0.476686 0.595225 0.021667 0.023210
2 0.487741 0.622365 0.015758 0.014450
1 0.510837 0.509740 0.019050 0.016420
2 0.505363 0.559760 0.024735 0.023200
2 0.505584 0.580665 0.019477 0.019050
2 0.472089 0.140105 0.018608 0.018830
2 0.474279 0.118210 0.014663 0.015760
2 0.501095 0.152800 0.014445 0.019700
2 0.478002 0.163530 0.010290 0.013140
2 0.561080 0.085705 0.021450 0.031310
2 0.567320 0.144590 0.026925 0.027360
2 0.582425 0.101030 0.026925 0.027800
2 0.628501 0.117775 0.024518 0.025390
2 0.602892 0.120510 0.028020 0.027800
2 0.571805 0.184760 0.014880 0.016640
2 0.581109 0.208515 0.016417 0.017730
2 0.604753 0.208955 0.011160 0.010290
2 0.612523 0.191655 0.018390 0.018610
2 0.609897 0.158385 0.024960 0.025610
0 0.629817 0.162980 0.024525 0.027360
2 0.641750 0.156085 0.017730 0.017510
2 0.622156 0.191000 0.010942 0.015100
2 0.635619 0.179620 0.015983 0.016420
2 0.640981 0.194615 0.016643 0.017950
1 0.658932 0.183995 0.022770 0.022990
1 0.622265 0.503605 0.017730 0.017730
2 0.633541 0.421735 0.014887 0.014670
0 0.726140 0.275500 0.017955 0.016420
0 0.703153 0.258535 0.015330 0.014010
1 0.730137 0.303810 0.020565 0.019040
1 0.680169 0.248035 0.014663 0.015610
1 0.761926 0.303810 0.019417 0.020180
2 0.762879 0.327035 0.017887 0.015230
2 0.746319 0.340745 0.013328 0.016370
2 0.734896 0.323800 0.019417 0.019040
2 0.725094 0.315140 0.016942 0.015040
2 0.699492 0.305905 0.017895 0.017130
2 0.673029 0.266880 0.012187 0.012180
1 0.687972 0.285630 0.013890 0.015040
2 0.720046 0.338360 0.016372 0.015420
2 0.716146 0.355115 0.012368 0.012370
2 0.697205 0.324850 0.015990 0.015040
2 0.697111 0.343975 0.015037 0.013330
1 0.676696 0.388165 0.013898 0.012910
1 0.676944 0.403895 0.010432 0.012250
2 0.668667 0.403230 0.012420 0.011920
2 0.663039 0.277070 0.005903 0.005520
0 0.685389 0.599460 0.011093 0.010760
0 0.669991 0.592760 0.011092 0.010260