1 0.658254 0.230595 0.175567 0.182550
2 0.461503 0.278420 0.141945 0.150680
2 0.417612 0.409875 0.124035 0.126210
2 0.528759 0.458570 0.145433 0.145000
2 0.617416 0.515565 0.117488 0.117490
2 0.485450 0.596730 0.111945 0.114920
2 0.426504 0.570810 0.079913 0.093460
2 0.407184 0.622655 0.062407 0.051190
2 0.555294 0.602015 0.075952 0.101710
2 0.515833 0.707195 0.088170 0.091470
2 0.447639 0.709015 0.068033 0.071330
2 0.462496 0.757230 0.056798 0.054820
2 0.499812 0.778035 0.069345 0.069350
0 0.728829 0.962630 0.054487 0.061420
0 0.759871 0.968415 0.034672 0.055150
2 0.691183 0.972705 0.039300 0.047890