1 0.413023 0.218590 0.143685 0.152420
2 0.614795 0.443940 0.141060 0.104380
1 0.434428 0.459225 0.143685 0.135830
2 0.471984 0.603785 0.116603 0.113990
2 0.597980 0.662090 0.116175 0.116180
2 0.463753 0.737510 0.100260 0.105580
0 0.303110 0.635350 0.064560 0.067600
0 0.338998 0.693270 0.067980 0.067980
1 0.373749 0.639340 0.048607 0.060380
1 0.399590 0.718260 0.057795 0.060760
1 0.359900 0.756520 0.049965 0.051400
1 0.147110 0.771025 0.043650 0.044230
2 0.375834 0.794000 0.044513 0.050540
2 0.383731 0.839800 0.043643 0.046800
2 0.476341 0.816970 0.083557 0.086720
2 0.585178 0.817115 0.049680 0.055430
2 0.554881 0.850425 0.055132 0.058870
2 0.498309 0.872965 0.050543 0.051690
2 0.165204 0.808500 0.042502 0.042220
0 0.138609 0.750610 0.026722 0.022480