2 0.833075 0.253885 0.083850 0.107150
2 0.799587 0.141210 0.133350 0.100740
2 0.674394 0.185175 0.125197 0.109470
2 0.629266 0.230885 0.109477 0.089090
2 0.855200 0.402380 0.039600 0.040760
2 0.743397 0.421010 0.082695 0.102480
2 0.697104 0.333375 0.058807 0.103070
2 0.675849 0.388110 0.062888 0.044840
2 0.631884 0.318230 0.127523 0.106560
2 0.810943 0.501950 0.048915 0.039600
2 0.769021 0.488560 0.046583 0.075700
2 0.593161 0.383160 0.071048 0.088520
2 0.664201 0.477785 0.092003 0.098410
2 0.449326 0.209050 0.131603 0.149080
2 0.476116 0.377630 0.095497 0.129860
2 0.373921 0.396845 0.112387 0.128690
2 0.459523 0.500790 0.071625 0.121120
0 0.619655 0.554650 0.110055 0.134520
0 0.576856 0.622200 0.073372 0.101900
0 0.512803 0.524665 0.123450 0.158390
0 0.531436 0.664995 0.115298 0.133930
1 0.505231 0.725560 0.098992 0.099000
2 0.567830 0.743320 0.064635 0.084440
2 0.433314 0.603565 0.085597 0.087930
2 0.412936 0.688875 0.063472 0.074530
2 0.348005 0.661795 0.085020 0.103070
2 0.352085 0.759045 0.074535 0.092590
2 0.477279 0.791070 0.080362 0.089100