0 0.411538 0.213810 0.200895 0.205080
0 0.607306 0.365145 0.151912 0.146970
0 0.436741 0.521440 0.132098 0.136720
2 0.569986 0.534485 0.119213 0.119210
2 0.452754 0.652710 0.116572 0.121860
2 0.567181 0.718590 0.108322 0.111620
0 0.389045 0.653865 0.039915 0.075230
0 0.326011 0.721490 0.082702 0.085280
0 0.405417 0.775080 0.077910 0.084400
0 0.374578 0.830265 0.072660 0.079910
2 0.302915 0.823895 0.066675 0.070670
2 0.344862 0.899935 0.067170 0.073910
2 0.509795 0.823770 0.112365 0.122360
2 0.457854 0.828765 0.028463 0.079410
2 0.546001 0.874465 0.072413 0.074410
0 0.151089 0.307610 0.052178 0.068360
2 0.152713 0.530820 0.055425 0.057720
2 0.150125 0.596145 0.049680 0.049390
2 0.141796 0.389250 0.033023 0.065760
2 0.165170 0.550760 0.038220 0.032780
0 0.142978 0.242215 0.035955 0.055430