2 0.224221 0.607410 0.055477 0.049760
2 0.210129 0.545765 0.071333 0.063850
2 0.279920 0.475535 0.055920 0.058130
1 0.270012 0.400460 0.058125 0.062960
1 0.296874 0.312400 0.067807 0.071780
2 0.150466 0.643070 0.047992 0.052400
2 0.209251 0.642635 0.039623 0.040950
2 0.188555 0.613795 0.028185 0.043150
2 0.141001 0.576365 0.030818 0.039630
2 0.315808 0.542680 0.051075 0.055040
2 0.363800 0.529695 0.051075 0.051950
2 0.386255 0.426000 0.060765 0.056800
2 0.341562 0.605865 0.047115 0.039630
2 0.447238 0.515600 0.044475 0.057240
2 0.470356 0.505695 0.064283 0.064730
2 0.508663 0.351810 0.032580 0.032580
2 0.285642 0.785955 0.047115 0.051070
2 0.311844 0.735315 0.045787 0.044910
2 0.168080 0.676755 0.052395 0.044910
2 0.348387 0.700095 0.043155 0.043150
2 0.368641 0.665090 0.022013 0.020700
2 0.434911 0.621055 0.048877 0.047110
2 0.450320 0.661345 0.042705 0.044910
2 0.470356 0.674775 0.022898 0.024210
2 0.520452 0.606485 0.044415 0.038290
1 0.376872 0.748720 0.045180 0.050160
1 0.350641 0.749295 0.031012 0.049010
2 0.280959 0.633285 0.017993 0.016850
2 0.333414 0.819555 0.051682 0.052450
2 0.268707 0.848465 0.040200 0.040590
2 0.323840 0.933270 0.051690 0.055520
2 0.311589 0.901300 0.049387 0.051300
2 0.354087 0.958925 0.037140 0.044030
2 0.374956 0.868180 0.042877 0.050920
1 0.418220 0.853630 0.046710 0.052460
2 0.385100 0.835445 0.038670 0.037530
2 0.442153 0.808070 0.037905 0.040200
2 0.460531 0.762315 0.031013 0.037530
2 0.424921 0.777435 0.029482 0.038670
2 0.387208 0.688610 0.035220 0.041740
2 0.466464 0.928290 0.035993 0.042500
2 0.437176 0.972135 0.031013 0.033690
0 0.501114 0.881770 0.047858 0.058200
2 0.544381 0.893455 0.029482 0.030250
2 0.386060 0.908000 0.036750 0.044800
2 0.410375 0.920250 0.037905 0.042500
2 0.231376 0.683060 0.035993 0.033700
2 0.321354 0.687460 0.027562 0.029480
2 0.514325 0.680190 0.022200 0.021820
2 0.610239 0.630605 0.040973 0.043650
2 0.583243 0.536415 0.042120 0.042890
2 0.654268 0.513825 0.055515 0.052070
2 0.667670 0.596915 0.038670 0.041350
2 0.723189 0.640370 0.017227 0.021820
2 0.685089 0.687655 0.010717 0.012250
2 0.840350 0.278740 0.024885 0.023740
2 0.834987 0.218245 0.036375 0.030630
2 0.767221 0.297310 0.012637 0.015700
2 0.735440 0.238915 0.021060 0.019910
2 0.756117 0.237005 0.021825 0.022210
2 0.762815 0.207140 0.027570 0.026040
2 0.789616 0.181100 0.040582 0.039820
2 0.846665 0.139180 0.032160 0.029480
2 0.832501 0.013975 0.021442 0.022590
2 0.833840 0.086725 0.037140 0.041730
2 0.806652 0.100315 0.022590 0.029090
2 0.791724 0.058195 0.011873 0.011490
2 0.760903 0.045755 0.011490 0.014930
2 0.260859 0.801755 0.049778 0.043650
2 0.381084 0.943990 0.039818 0.040200