0 0.161030 0.605970 0.072060 0.107000
0 0.561950 0.597235 0.064200 0.070310
0 0.614795 0.592870 0.058080 0.072060
0 0.681616 0.675850 0.089528 0.085160
0 0.703235 0.715590 0.073365 0.065940
2 0.755645 0.723230 0.056775 0.055900
2 0.722889 0.610555 0.062018 0.059390
0 0.295284 0.292185 0.026993 0.033590
1 0.310220 0.275240 0.024120 0.031300
2 0.367606 0.028170 0.084293 0.055460
2 0.369571 0.096080 0.076868 0.074240
2 0.475257 0.026205 0.075990 0.051530
1 0.497098 0.016595 0.075120 0.031450
1 0.616108 0.040620 0.083415 0.080360
1 0.583351 0.108745 0.081667 0.095210
2 0.469366 0.177970 0.058958 0.080800
2 0.521116 0.200900 0.053287 0.071620
2 0.549943 0.187575 0.057645 0.089530
1 0.708913 0.021835 0.076860 0.043670
2 0.646239 0.101760 0.065947 0.094340
2 0.758263 0.046295 0.070755 0.091710
2 0.677686 0.131460 0.058957 0.085600
2 0.774856 0.120100 0.066383 0.080360
2 0.821589 0.174910 0.048038 0.064200
2 0.787524 0.185610 0.035813 0.066380
2 0.721576 0.189760 0.044543 0.058080
2 0.832723 0.196090 0.041490 0.048040
2 0.788176 0.236055 0.043237 0.051970
2 0.736644 0.232780 0.032752 0.047160
0 0.811107 0.090840 0.023580 0.027080
0 0.238767 0.211815 0.022275 0.020970