1 0.547539 0.344800 0.112238 0.112240
0 0.335285 0.358560 0.143685 0.147620
1 0.486834 0.436735 0.117488 0.111810
2 0.489669 0.590905 0.115298 0.108310
2 0.498845 0.723885 0.094335 0.102630
2 0.361051 0.699650 0.122723 0.117920
2 0.362356 0.794475 0.107092 0.094190
2 0.475524 0.803970 0.086587 0.086580
2 0.419889 0.857515 0.053542 0.057730
2 0.351151 0.879545 0.077857 0.080510
2 0.174538 0.872970 0.041610 0.043920
1 0.224731 0.816835 0.033022 0.036650
1 0.165455 0.785955 0.039300 0.036990
2 0.186166 0.306255 0.031013 0.031870
2 0.216174 0.356080 0.029002 0.027560
2 0.225650 0.386235 0.027855 0.025270
2 0.158743 0.372305 0.032445 0.030150
2 0.150845 0.352060 0.029865 0.024700
2 0.185304 0.402455 0.026992 0.027850
2 0.213301 0.425285 0.024413 0.022390
2 0.135192 0.402740 0.020385 0.029580
2 0.217756 0.710580 0.022973 0.023260
0 0.212011 0.693350 0.024697 0.023840
2 0.249196 0.870095 0.029572 0.036190
2 0.176259 0.830610 0.037042 0.035900
2 0.139790 0.879430 0.029580 0.041640
0 0.133471 0.854305 0.016943 0.039630
2 0.267717 0.786245 0.025845 0.024690
2 0.227945 0.913315 0.030150 0.031870
2 0.182862 0.964860 0.033030 0.038480
2 0.212011 0.963280 0.029287 0.035320
1 0.229670 0.773750 0.019815 0.025560