0 0.528759 0.178845 0.148928 0.161150
0 0.561950 0.330605 0.180375 0.183430
2 0.411061 0.618415 0.127523 0.132770
2 0.311919 0.625400 0.084727 0.090840
2 0.425907 0.713625 0.091710 0.089090
2 0.392281 0.747690 0.069877 0.066380
2 0.382891 0.818440 0.061582 0.063760
0 0.524173 0.689605 0.061140 0.062010
1 0.486178 0.735900 0.046290 0.048040
2 0.522286 0.770310 0.047962 0.051980
2 0.486534 0.834060 0.044228 0.049100
2 0.522717 0.841955 0.039060 0.045950
2 0.526164 0.805195 0.030442 0.026990
2 0.810882 0.764565 0.055995 0.058870
2 0.790640 0.743890 0.041925 0.047960
2 0.688554 0.729530 0.044513 0.047380
1 0.755607 0.656590 0.079830 0.076100
0 0.703629 0.550340 0.072368 0.076100
2 0.679505 0.649125 0.057435 0.055430
1 0.666298 0.594280 0.065475 0.060020
2 0.756174 0.615600 0.061523 0.034180