1 0.436610 0.470145 0.135825 0.138450
1 0.532471 0.560115 0.163343 0.146310
0 0.327860 0.690255 0.052845 0.046730
2 0.384856 0.660125 0.087353 0.090410
2 0.456916 0.651830 0.097823 0.091280
2 0.391599 0.723835 0.038738 0.041770
2 0.516159 0.698580 0.038737 0.033800
2 0.471920 0.717955 0.086970 0.048990
2 0.553756 0.750610 0.056963 0.053540
2 0.601419 0.818590 0.040643 0.039880
2 0.358557 0.744155 0.038730 0.046710
2 0.515780 0.790295 0.044055 0.040250
2 0.556036 0.841380 0.061523 0.064940
2 0.361216 0.789350 0.037972 0.040640
2 0.349633 0.817260 0.026205 0.031900