2 0.813073 0.207665 0.116610 0.124470
0 0.334415 0.314665 0.113985 0.113110
0 0.678339 0.357905 0.138878 0.138450
1 0.256239 0.401145 0.095648 0.089530
2 0.343801 0.425380 0.091718 0.089100
1 0.765031 0.452895 0.134948 0.130150
2 0.316070 0.527360 0.083415 0.080800
2 0.707037 0.530850 0.083550 0.100060
2 0.643633 0.541915 0.123180 0.126810
2 0.676325 0.640160 0.106665 0.100060
2 0.723384 0.633555 0.057458 0.085530
0 0.233259 0.636920 0.072938 0.071220
0 0.170082 0.699665 0.083280 0.080690
0 0.244175 0.678415 0.075810 0.066330
1 0.271021 0.723930 0.071498 0.069500
2 0.268437 0.778780 0.057720 0.054560
2 0.261834 0.833625 0.057143 0.057430
2 0.215743 0.789260 0.066045 0.069200