1 0.393643 0.957185 0.016185 0.035330
1 0.332386 0.865215 0.030382 0.036990
2 0.282354 0.794215 0.030713 0.036990
2 0.258579 0.744180 0.035333 0.035340
2 0.253790 0.788600 0.029055 0.028400
2 0.411972 0.791900 0.026415 0.028400
2 0.384069 0.794210 0.028733 0.033020
2 0.319509 0.767135 0.036322 0.038310
2 0.329083 0.740220 0.038970 0.042600
2 0.368379 0.771430 0.033683 0.031700
2 0.363264 0.737415 0.036652 0.038970
2 0.415771 0.760030 0.034672 0.037980
1 0.401071 0.712975 0.031043 0.042270
2 0.423365 0.693660 0.067035 0.074300
2 0.365244 0.690685 0.052507 0.053830
2 0.598884 0.694810 0.062737 0.051520
2 0.354181 0.640325 0.081233 0.072650
2 0.458041 0.631570 0.078262 0.076280
2 0.396121 0.579065 0.089828 0.082230
2 0.598389 0.646265 0.069023 0.074630
2 0.625963 0.601525 0.063405 0.055150
2 0.640164 0.551990 0.068693 0.071000
2 0.571475 0.568995 0.083220 0.077930
2 0.490899 0.566680 0.081232 0.075960
1 0.622663 0.437725 0.081240 0.081570
1 0.428319 0.497995 0.107992 0.099070
2 0.448629 0.373825 0.033682 0.032370
2 0.445160 0.422700 0.026745 0.027740
2 0.541752 0.489245 0.021795 0.025430
2 0.475543 0.373495 0.024765 0.033030
2 0.580228 0.053995 0.041940 0.034010
2 0.625633 0.114590 0.036990 0.046240
2 0.590461 0.137375 0.030053 0.038970
2 0.630256 0.153395 0.035003 0.037970
2 0.587986 0.193185 0.038303 0.036990
2 0.628441 0.212835 0.031372 0.029390
2 0.612586 0.245030 0.031373 0.030380
2 0.584022 0.230005 0.022455 0.033350
2 0.600699 0.277730 0.026092 0.029060
2 0.567511 0.291270 0.024443 0.027080
2 0.585178 0.302990 0.020145 0.022120
2 0.482645 0.320165 0.021795 0.031370
0 0.386874 0.336180 0.026422 0.027080
2 0.416926 0.396610 0.025103 0.025100
2 0.382415 0.406850 0.023445 0.025760
1 0.422210 0.362105 0.025755 0.026750
1 0.442025 0.348400 0.026415 0.029060
2 0.412632 0.429965 0.023115 0.024430
2 0.586167 0.407345 0.020805 0.024110
2 0.544396 0.468930 0.015848 0.024440
2 0.562227 0.423360 0.013875 0.027740
1 0.487100 0.341130 0.014865 0.031040
2 0.581712 0.466455 0.017175 0.017510