0 0.153388 0.378430 0.056775 0.101760
0 0.461503 0.288245 0.191730 0.199150
0 0.360399 0.343930 0.143242 0.152420
0 0.261043 0.429530 0.114855 0.105260
0 0.574835 0.412495 0.130140 0.143690
2 0.264316 0.500935 0.069878 0.048050
0 0.650390 0.452455 0.095205 0.097830
1 0.696680 0.533690 0.102195 0.093460
0 0.492729 0.515570 0.152858 0.149800
1 0.582478 0.565790 0.099135 0.099140
2 0.711313 0.629990 0.052845 0.072060
2 0.160812 0.546355 0.041055 0.033190
2 0.257547 0.553125 0.069435 0.055470
2 0.304498 0.571030 0.071625 0.064200
1 0.368919 0.500280 0.111367 0.120980
1 0.445996 0.596145 0.123158 0.113550
2 0.665458 0.639600 0.093900 0.100880
2 0.601258 0.642000 0.072930 0.084720
1 0.639688 0.533470 0.060705 0.078180
2 0.638161 0.727815 0.048037 0.073810
2 0.677469 0.742010 0.096953 0.096080
2 0.661745 0.822375 0.088215 0.087350
0 0.291275 0.846720 0.064395 0.066700
0 0.253959 0.889650 0.072982 0.073980
0 0.175857 0.947110 0.083880 0.089820
2 0.252800 0.976670 0.068685 0.045900